22040504
27093272
1234
1234
5678
67887627
45771760
98191890
10207331
77568693
74373487
74373487
23281647
54558107
54558107
54558107
54558107
96927156
38174021
99266810
30296930
31587091
39763623
70752754
17536090
24703831
73373168
95042817
67261836
67261836
96416643
98497839
28461678
28461678
61735514
28461678
20546841
60491447
20409587
46671962
28440535
19660523
15990136
94452568
68019015
13074202
95179777
26289488
21642129
28424935
28424935
45285638
60352094
60352094
36386128
59494011
83654279
60352094
60352094
22080230
94020923
43191225
63157390
96987894
11372104
13653928
32547602
33335690
57739278
29954062
46300160
58455222
68535576
32755553
58455222
83182273
58455222
50390616
83182273
50390616
25952836
50390616
50390616
50390616
98414172
82572453
50390616
33412664
55347881
33600955
92803721
97086366
79388522
45036512
88281073
57439854
20870234
71567463
31226530
78192950
76720418
75117849
51100110
98557639
10780771
37193359
49434128
48102604
52933244
72508324
39933288
49340940
14456205
32915395
63630553
72508324
93398280
67756415
56923953
45892364
97736995
86164367
24561855
24137934
66662771
85264619
18529260
91462667
52786251
64747553
35541002
49192900
17226233
34444168
69629498
98495621
66348992
55503929
73542903
54959918
54959918
54959918
16290247
46808274
46808274
65045218
92076935
19347523
29057774
43757895
97560616
21822766
67660948
59135665
40306186
93248547
91117235
95165198
78458783
62855042
81449358
53717675
32055321

99351625
75043903
38004692
79887351
66226652
11828711
69461281
15446378
41983546
73099178
60307975
43672795
82120319
52618465
53717675
99209538
92326517
36506843
36340562
95318844
83550514
53967032
77646515
74906066
55575492
96855153
97224992
16450041
45539616
13872060
16387594
44327743
98246135
34097984
30916311
51531349
58426714
58426714
86568384
39245062
14118793
45295064
77806138
79682227
94546314
47996064
16490605
23645454
15417295
17782446
33310878
83674981
42019753
70520044
39968323
1
1
53614931
1
71166269
71166269
49660688
37462068




41364488
53784302
79412693
29379107
44491535
18422004
60265733
94456105
87815128
99688538
15409846


39624814
65332694
65332694
70752754
67643010
80860950
99788965
72271228
65870989
51729842
33887078
26646730
25364988
93819250
75356845
39777230
11115421
67887627
53661065
81045571
44778476
1
82572453
68410163
98913109
83580622
74906066
80044957
15539517

22080230
65526878
62855042
44625777
68259913
76720418
15318561
20019491
34031520
95489419
67172923
18182787
49341809
91534478
91534478
91534478
91534478
91534478
91534478
91534478
91534478
91534478
91534478
91534478
91534478
91534478
91534478
91534478
91534478
91534478
75756950
55794278
94564910
94564910
50266532
42210779
17539427
15336765
76885101
33335690
49660688
45771760
16515700
59210623
66662771
20928506
68220608
66662771
1
54720531
52933244
52261583
17428334
88466862
39291368
47976214
92571669
49086065
18168640
48836376
24003860
40341042
97280634
20305313
1
77600520
11258879
78575509
83852235
36062122
38656316
1


58530259
34198984
66869973



85660745



86700720
13107692
1
1
93349852
32345151
10823223













19382050
76854846

83230115
83230115
26919769
1





























24256715
1
24401316
47158746
14072437
54399047
77911393
47833095
65878950
20286829
60898252
52925543










57532850
66080758


75965030





37694120



67454853



89065057


17750563

17750563





35153911
48063951
73804153
77083762
55803523
55803523
1


22500249
66678350
55496092
19139609
80521357






66080758






1



1

1

1

1
1














































































































































































































































































































































































































































































































































































































































































































































































































































































































